   14
tr|E1K4V0|  0.000000  2.191740  2.243965  2.754046  3.434466  3.204222
  2.444759  3.023169  3.393710  2.903325  2.447020  2.978152  3.710478
  3.286671
tr|E1K6G0|  2.191740  0.000000  2.262698  2.724897  4.592155  3.312765
  2.550692  3.027995  3.581513  3.786470  2.757272  3.590929  6.375442
  6.472642
tr|E1K572|  2.243965  2.262698  0.000000  2.393214  3.117514  2.388555
  2.588720  3.396117  2.941484  2.759953  3.088473  2.895350  5.470080
  4.510507
tr|E1K541|  2.754046  2.724897  2.393214  0.000000  1.469571  1.300259
  2.085078  2.805549  2.804796  2.893731  3.089792  2.977506  3.540411
  3.734183
tr|F2L4F0|  3.434466  4.592155  3.117514  1.469571  0.000000  0.776116
  3.043013  4.414685  3.782102  3.423299  2.862001  4.099637  3.776796
  3.955639
tr|F4B9Y8|  3.204222  3.312765  2.388555  1.300259  0.776116  0.000000
  2.746546  3.874835  3.006605  3.549617  2.947555  3.413045  7.056473
  7.325062
tr|E7QXB8|  2.444759  2.550692  2.588720  2.085078  3.043013  2.746546
  0.000000  2.140664  2.767866  3.327543  2.013821  2.643271  3.846492
  3.919195
tr|D2S1E6|  3.023169  3.027995  3.396117  2.805549  4.414685  3.874835
  2.140664  0.000000  0.755696  2.708961  2.280417  2.707913  7.071414
  7.262971
tr|D2S1F8|  3.393710  3.581513  2.941484  2.804796  3.782102  3.006605
  2.767866  0.755696  0.000000  2.156318  2.193591  3.076028  5.463290
  5.970837
tr|E7QZB7|  2.903325  3.786470  2.759953  2.893731  3.423299  3.549617
  3.327543  2.708961  2.156318  0.000000  2.551389  3.326732  7.186303
  7.249710
tr|E7QZC9|  2.447020  2.757272  3.088473  3.089792  2.862001  2.947555
  2.013821  2.280417  2.193591  2.551389  0.000000  2.218516  3.896819
  3.910408
tr|E7QQB9|  2.978152  3.590929  2.895350  2.977506  4.099637  3.413045
  2.643271  2.707913  3.076028  3.326732  2.218516  0.000000  3.637038
  3.533079
tr|D2S0D9|  3.710478  6.375442  5.470080  3.540411  3.776796  7.056473
  3.846492  7.071414  5.463290  7.186303  3.896819  3.637038  0.000000
  0.117913
tr|E7QVD7|  3.286671  6.472642  4.510507  3.734183  3.955639  7.325062
  3.919195  7.262971  5.970837  7.249710  3.910408  3.533079  0.117913
  0.000000
   14
tr|E1K4V0|  0.000000  2.218465  2.168283  2.624227  2.474642  2.388002
  2.394446  2.756163  2.577462  2.787622  2.898335  2.787043  3.357558
  3.149290
tr|E1K6G0|  2.218465  0.000000  2.167163  2.174553  3.082972  2.872763
  2.407993  2.461176  2.432812  3.205182  3.001947  2.902231  4.027490
  4.242235
tr|E1K572|  2.168283  2.167163  0.000000  2.344144  2.823044  2.716010
  2.359771  3.178609  2.980231  2.966500  3.272468  2.782532  5.524432
  4.945343
tr|E1K541|  2.624227  2.174553  2.344144  0.000000  1.236616  1.030297
  2.414028  3.081961  2.578351  2.893930  3.098619  2.769951  4.237857
  4.444297
tr|F2L4F0|  2.474642  3.082972  2.823044  1.236616  0.000000  0.694942
  2.524909  3.630006  2.855153  2.956259  3.097579  2.982601  4.279003
  4.228265
tr|F4B9Y8|  2.388002  2.872763  2.716010  1.030297  0.694942  0.000000
  2.754211  3.341201  2.813523  2.630459  2.940834  3.035140  4.103419
  3.977986
tr|E7QXB8|  2.394446  2.407993  2.359771  2.414028  2.524909  2.754211
  0.000000  2.414810  2.362169  2.131641  2.302652  2.675795  3.742057
  3.689997
tr|D2S1E6|  2.756163  2.461176  3.178609  3.081961  3.630006  3.341201
  2.414810  0.000000  0.922248  1.924938  2.959475  2.426627  4.244090
  4.503344
tr|D2S1F8|  2.577462  2.432812  2.980231  2.578351  2.855153  2.813523
  2.362169  0.922248  0.000000  1.822702  2.457534  2.468154  3.169563
  3.287031
tr|E7QZB7|  2.787622  3.205182  2.966500  2.893930  2.956259  2.630459
  2.131641  1.924938  1.822702  0.000000  2.441785  2.591213  3.040482
  2.920381
tr|E7QZC9|  2.898335  3.001947  3.272468  3.098619  3.097579  2.940834
  2.302652  2.959475  2.457534  2.441785  0.000000  2.726706  4.417940
  4.533367
tr|E7QQB9|  2.787043  2.902231  2.782532  2.769951  2.982601  3.035140
  2.675795  2.426627  2.468154  2.591213  2.726706  0.000000  4.525587
  4.287316
tr|D2S0D9|  3.357558  4.027490  5.524432  4.237857  4.279003  4.103419
  3.742057  4.244090  3.169563  3.040482  4.417940  4.525587  0.000000
  0.105443
tr|E7QVD7|  3.149290  4.242235  4.945343  4.444297  4.228265  3.977986
  3.689997  4.503344  3.287031  2.920381  4.533367  4.287316  0.105443
  0.000000
   14
tr|E1K4V0|  0.000000  2.265823  2.996356  2.801244  3.586570  3.211358
  2.952062  3.468676  2.928925  3.180381  2.579115  2.897578  2.580214
  2.505512
tr|E1K6G0|  2.265823  0.000000  2.994091  3.208817  4.072841  3.604480
  2.993540  2.184670  2.528627  4.755061  2.908069  2.984655  4.776496
  5.271289
tr|E1K572|  2.996356  2.994091  0.000000  2.966234  3.890192  4.464526
  3.172061  4.806998  4.161199  3.951756  4.213264  4.026598  5.697011
  5.101564
tr|E1K541|  2.801244  3.208817  2.966234  0.000000  1.658305  1.417245
  3.848777  3.517190  3.383831  3.256169  3.997465  3.270951  3.881635
  4.164535
tr|F2L4F0|  3.586570  4.072841  3.890192  1.658305  0.000000  0.889806
  4.766303  3.857352  3.054598  3.561706  4.544082  3.907923  4.512791
  4.362147
tr|F4B9Y8|  3.211358  3.604480  4.464526  1.417245  0.889806  0.000000
  3.367188  4.518450  3.360373  3.613064  3.563009  3.444782  6.037331
  5.039046
tr|E7QXB8|  2.952062  2.993540  3.172061  3.848777  4.766303  3.367188
  0.000000  2.955162  3.405978  2.645708  2.366382  3.195983  3.311901
  3.238389
tr|D2S1E6|  3.468676  2.184670  4.806998  3.517190  3.857352  4.518450
  2.955162  0.000000  0.754376  2.852138  2.583911  2.871455  4.191286
  4.471828
tr|D2S1F8|  2.928925  2.528627  4.161199  3.383831  3.054598  3.360373
  3.405978  0.754376  0.000000  2.516232  2.198715  2.794848  3.403728
  3.354451
tr|E7QZB7|  3.180381  4.755061  3.951756  3.256169  3.561706  3.613064
  2.645708  2.852138  2.516232  0.000000  2.558755  2.798433  4.160953
  3.668742
tr|E7QZC9|  2.579115  2.908069  4.213264  3.997465  4.544082  3.563009
  2.366382  2.583911  2.198715  2.558755  0.000000  2.524599  2.894315
  2.967221
tr|E7QQB9|  2.897578  2.984655  4.026598  3.270951  3.907923  3.444782
  3.195983  2.871455  2.794848  2.798433  2.524599  0.000000  3.822074
  3.657567
tr|D2S0D9|  2.580214  4.776496  5.697011  3.881635  4.512791  6.037331
  3.311901  4.191286  3.403728  4.160953  2.894315  3.822074  0.000000
  0.110408
tr|E7QVD7|  2.505512  5.271289  5.101564  4.164535  4.362147  5.039046
  3.238389  4.471828  3.354451  3.668742  2.967221  3.657567  0.110408
  0.000000
   14
tr|E1K4V0|  0.000000  2.400195  2.454874  2.549297  2.837697  2.758797
  2.212491  3.344266  2.859806  2.971973  2.723965  3.464728  3.243085
  3.040262
tr|E1K6G0|  2.400195  0.000000  2.204618  2.481849  3.826520  3.150737
  2.807258  2.812436  3.012625  3.563105  2.885972  3.332279  5.175814
  5.557682
tr|E1K572|  2.454874  2.204618  0.000000  2.744087  3.080281  2.633986
  2.679011  3.564810  3.305778  3.832748  3.611648  3.097449  5.006042
  4.983290
tr|E1K541|  2.549297  2.481849  2.744087  0.000000  1.532037  1.328580
  2.580098  3.336261  3.257598  3.031939  3.287330  3.211749  4.360295
  4.721749
tr|F2L4F0|  2.837697  3.826520  3.080281  1.532037  0.000000  0.868321
  2.737299  4.778040  3.659844  3.772176  3.855881  3.413454  4.352446
  4.397282
tr|F4B9Y8|  2.758797  3.150737  2.633986  1.328580  0.868321  0.000000
  3.103006  4.210548  3.404571  3.357776  3.838985  3.441802  4.670380
  4.408254
tr|E7QXB8|  2.212491  2.807258  2.679011  2.580098  2.737299  3.103006
  0.000000  2.596197  2.334946  2.091746  2.526613  2.611631  3.205418
  3.270246
tr|D2S1E6|  3.344266  2.812436  3.564810  3.336261  4.778040  4.210548
  2.596197  0.000000  0.939905  2.337513  2.728595  2.617858  4.055192
  4.234606
tr|D2S1F8|  2.859806  3.012625  3.305778  3.257598  3.659844  3.404571
  2.334946  0.939905  0.000000  1.916224  2.090808  2.701192  3.275607
  3.170894
tr|E7QZB7|  2.971973  3.563105  3.832748  3.031939  3.772176  3.357776
  2.091746  2.337513  1.916224  0.000000  2.464895  2.991557  3.388230
  3.142456
tr|E7QZC9|  2.723965  2.885972  3.611648  3.287330  3.855881  3.838985
  2.526613  2.728595  2.090808  2.464895  0.000000  2.920511  3.842499
  3.664206
tr|E7QQB9|  3.464728  3.332279  3.097449  3.211749  3.413454  3.441802
  2.611631  2.617858  2.701192  2.991557  2.920511  0.000000  4.193471
  3.893942
tr|D2S0D9|  3.243085  5.175814  5.006042  4.360295  4.352446  4.670380
  3.205418  4.055192  3.275607  3.388230  3.842499  4.193471  0.000000
  0.097192
tr|E7QVD7|  3.040262  5.557682  4.983290  4.721749  4.397282  4.408254
  3.270246  4.234606  3.170894  3.142456  3.664206  3.893942  0.097192
  0.000000
   14
tr|E1K4V0|  0.000000  3.004036  2.706133  2.725078  3.713706  3.247386
  2.814255  3.159661  3.141481  3.192992  2.571034  2.735943  2.782600
  2.777552
tr|E1K6G0|  3.004036  0.000000  2.552287  2.378518  3.245672  3.630628
  3.053774  2.573814  3.338390  4.208293  2.990748  3.481950  4.898560
  5.222828
tr|E1K572|  2.706133  2.552287  0.000000  2.240621  3.188732  3.015813
  2.896833  3.448713  3.365738  3.085913  3.806315  3.537665  5.590843
  5.291658
tr|E1K541|  2.725078  2.378518  2.240621  0.000000  1.602055  1.446413
  2.757719  3.098142  3.473886  3.463021  4.304865  2.514664  3.673073
  3.930448
tr|F2L4F0|  3.713706  3.245672  3.188732  1.602055  0.000000  0.873278
  2.811589  4.109043  3.742231  4.019324  3.810109  3.310024  5.695810
  6.080110
tr|F4B9Y8|  3.247386  3.630628  3.015813  1.446413  0.873278  0.000000
  3.178338  4.027941  3.969840  3.579117  4.076939  3.094171  5.423187
  5.521524
tr|E7QXB8|  2.814255  3.053774  2.896833  2.757719  2.811589  3.178338
  0.000000  2.129122  2.485747  2.877939  2.484365  2.637209  3.847742
  3.670127
tr|D2S1E6|  3.159661  2.573814  3.448713  3.098142  4.109043  4.027941
  2.129122  0.000000  0.864977  2.299947  2.518054  2.557912  3.885316
  4.304180
tr|D2S1F8|  3.141481  3.338390  3.365738  3.473886  3.742231  3.969840
  2.485747  0.864977  0.000000  2.044935  2.518557  2.406279  3.463357
  3.647189
tr|E7QZB7|  3.192992  4.208293  3.085913  3.463021  4.019324  3.579117
  2.877939  2.299947  2.044935  0.000000  2.150118  2.932735  3.570454
  3.440991
tr|E7QZC9|  2.571034  2.990748  3.806315  4.304865  3.810109  4.076939
  2.484365  2.518054  2.518557  2.150118  0.000000  2.697628  4.160598
  4.442355
tr|E7QQB9|  2.735943  3.481950  3.537665  2.514664  3.310024  3.094171
  2.637209  2.557912  2.406279  2.932735  2.697628  0.000000  3.338215
  3.203817
tr|D2S0D9|  2.782600  4.898560  5.590843  3.673073  5.695810  5.423187
  3.847742  3.885316  3.463357  3.570454  4.160598  3.338215  0.000000
  0.104449
tr|E7QVD7|  2.777552  5.222828  5.291658  3.930448  6.080110  5.521524
  3.670127  4.304180  3.647189  3.440991  4.442355  3.203817  0.104449
  0.000000
   14
tr|E1K4V0|  0.000000  2.093239  2.159539  2.351018  2.583920  2.500666
  2.295179  3.429688  3.058847  3.000027  2.687726  2.335654  2.909881
  2.599473
tr|E1K6G0|  2.093239  0.000000  1.626801  2.220699  2.790897  2.588766
  2.642503  3.103866  2.764389  3.765562  2.806017  2.476398  4.116315
  4.103259
tr|E1K572|  2.159539  1.626801  0.000000  1.913923  2.703251  2.381211
  2.062924  3.262717  3.019282  3.663246  3.100364  3.200741  3.739227
  3.517706
tr|E1K541|  2.351018  2.220699  1.913923  0.000000  1.177931  1.127421
  1.791384  2.669423  2.822221  3.021149  3.613460  2.573213  3.210083
  3.092789
tr|F2L4F0|  2.583920  2.790897  2.703251  1.177931  0.000000  0.770647
  2.121063  3.237080  2.817894  4.259310  3.338153  3.011259  4.003986
  3.904313
tr|F4B9Y8|  2.500666  2.588766  2.381211  1.127421  0.770647  0.000000
  2.321935  3.101460  2.935115  4.544570  3.379993  3.177518  3.504058
  3.272945
tr|E7QXB8|  2.295179  2.642503  2.062924  1.791384  2.121063  2.321935
  0.000000  2.578202  2.544330  2.542369  2.030604  2.689888  2.807140
  2.883755
tr|D2S1E6|  3.429688  3.103866  3.262717  2.669423  3.237080  3.101460
  2.578202  0.000000  0.943742  2.168251  2.332005  2.558155  2.865275
  2.932362
tr|D2S1F8|  3.058847  2.764389  3.019282  2.822221  2.817894  2.935115
  2.544330  0.943742  0.000000  1.913883  2.157349  2.279775  2.989372
  3.029096
tr|E7QZB7|  3.000027  3.765562  3.663246  3.021149  4.259310  4.544570
  2.542369  2.168251  1.913883  0.000000  2.576975  2.658474  3.313586
  3.270016
tr|E7QZC9|  2.687726  2.806017  3.100364  3.613460  3.338153  3.379993
  2.030604  2.332005  2.157349  2.576975  0.000000  1.926126  2.936435
  2.887496
tr|E7QQB9|  2.335654  2.476398  3.200741  2.573213  3.011259  3.177518
  2.689888  2.558155  2.279775  2.658474  1.926126  0.000000  2.733462
  2.486783
tr|D2S0D9|  2.909881  4.116315  3.739227  3.210083  4.003986  3.504058
  2.807140  2.865275  2.989372  3.313586  2.936435  2.733462  0.000000
  0.111519
tr|E7QVD7|  2.599473  4.103259  3.517706  3.092789  3.904313  3.272945
  2.883755  2.932362  3.029096  3.270016  2.887496  2.486783  0.111519
  0.000000
   14
tr|E1K4V0|  0.000000  2.169662  2.125592  2.842214  2.804419  2.620104
  2.581135  3.494215  2.974063  3.043172  2.812493  2.617234  2.415585
  2.161528
tr|E1K6G0|  2.169662  0.000000  2.359228  2.924624  3.129162  2.834111
  2.513515  2.748798  2.770981  3.678163  2.925632  3.341343  3.694117
  3.839210
tr|E1K572|  2.125592  2.359228  0.000000  2.415471  2.583532  2.425547
  1.942125  3.666713  3.315752  3.197667  3.227460  3.170287  4.602025
  3.839045
tr|E1K541|  2.842214  2.924624  2.415471  0.000000  1.267986  1.259965
  2.207423  3.072224  3.350501  2.921337  3.515054  3.172390  3.667300
  3.778659
tr|F2L4F0|  2.804419  3.129162  2.583532  1.267986  0.000000  0.658082
  2.467861  3.970843  3.067414  2.787308  3.254195  2.944921  3.641563
  3.963920
tr|F4B9Y8|  2.620104  2.834111  2.425547  1.259965  0.658082  0.000000
  2.861345  3.903337  3.199846  2.718243  3.072481  3.047760  3.735331
  3.628139
tr|E7QXB8|  2.581135  2.513515  1.942125  2.207423  2.467861  2.861345
  0.000000  2.505052  2.235513  2.559944  2.488786  3.646396  3.171811
  3.329099
tr|D2S1E6|  3.494215  2.748798  3.666713  3.072224  3.970843  3.903337
  2.505052  0.000000  0.847361  2.636778  3.032238  3.122254  3.725890
  3.877403
tr|D2S1F8|  2.974063  2.770981  3.315752  3.350501  3.067414  3.199846
  2.235513  0.847361  0.000000  2.158802  2.288246  2.666910  2.492931
  2.728593
tr|E7QZB7|  3.043172  3.678163  3.197667  2.921337  2.787308  2.718243
  2.559944  2.636778  2.158802  0.000000  2.499423  3.278972  3.282316
  3.381073
tr|E7QZC9|  2.812493  2.925632  3.227460  3.515054  3.254195  3.072481
  2.488786  3.032238  2.288246  2.499423  0.000000  2.553611  3.073090
  3.200820
tr|E7QQB9|  2.617234  3.341343  3.170287  3.172390  2.944921  3.047760
  3.646396  3.122254  2.666910  3.278972  2.553611  0.000000  3.197580
  3.237193
tr|D2S0D9|  2.415585  3.694117  4.602025  3.667300  3.641563  3.735331
  3.171811  3.725890  2.492931  3.282316  3.073090  3.197580  0.000000
  0.097286
tr|E7QVD7|  2.161528  3.839210  3.839045  3.778659  3.963920  3.628139
  3.329099  3.877403  2.728593  3.381073  3.200820  3.237193  0.097286
  0.000000
   14
tr|E1K4V0|  0.000000  2.220445  2.171190  2.443501  2.668947  2.694267
  2.366068  2.749354  2.763078  2.483013  2.269579  2.207294  2.559598
  2.561105
tr|E1K6G0|  2.220445  0.000000  2.046921  2.376762  2.565221  2.699063
  2.510357  2.193568  2.621513  3.089398  2.579285  2.830360  3.704079
  3.723821
tr|E1K572|  2.171190  2.046921  0.000000  2.223085  2.386596  2.261795
  2.182255  2.907365  2.705119  2.904645  2.677761  3.172843  3.346203
  3.094924
tr|E1K541|  2.443501  2.376762  2.223085  0.000000  1.330475  1.230183
  2.232703  2.566636  2.593869  3.178602  2.813463  2.617794  3.332251
  3.281539
tr|F2L4F0|  2.668947  2.565221  2.386596  1.330475  0.000000  0.717769
  2.554294  3.123104  2.834556  3.046852  2.192949  2.820412  3.217312
  3.005526
tr|F4B9Y8|  2.694267  2.699063  2.261795  1.230183  0.717769  0.000000
  2.453928  3.613156  3.061315  3.136128  2.391326  2.647119  3.868686
  3.554081
tr|E7QXB8|  2.366068  2.510357  2.182255  2.232703  2.554294  2.453928
  0.000000  2.038428  2.066527  2.464964  2.107123  2.383745  3.460506
  3.431897
tr|D2S1E6|  2.749354  2.193568  2.907365  2.566636  3.123104  3.613156
  2.038428  0.000000  0.763053  2.285270  2.487488  2.559788  3.570066
  3.548293
tr|D2S1F8|  2.763078  2.621513  2.705119  2.593869  2.834556  3.061315
  2.066527  0.763053  0.000000  2.218822  2.030599  2.379741  3.087509
  3.157667
tr|E7QZB7|  2.483013  3.089398  2.904645  3.178602  3.046852  3.136128
  2.464964  2.285270  2.218822  0.000000  2.230804  2.574545  3.666909
  3.515390
tr|E7QZC9|  2.269579  2.579285  2.677761  2.813463  2.192949  2.391326
  2.107123  2.487488  2.030599  2.230804  0.000000  2.015291  2.637766
  2.728235
tr|E7QQB9|  2.207294  2.830360  3.172843  2.617794  2.820412  2.647119
  2.383745  2.559788  2.379741  2.574545  2.015291  0.000000  2.963315
  2.878774
tr|D2S0D9|  2.559598  3.704079  3.346203  3.332251  3.217312  3.868686
  3.460506  3.570066  3.087509  3.666909  2.637766  2.963315  0.000000
  0.115767
tr|E7QVD7|  2.561105  3.723821  3.094924  3.281539  3.005526  3.554081
  3.431897  3.548293  3.157667  3.515390  2.728235  2.878774  0.115767
  0.000000
   14
tr|E1K4V0|  0.000000  2.651395  2.287857  2.640539  2.885506  3.011084
  2.263973  2.911209  2.525352  3.148219  2.612880  2.212356  2.347138
  2.522045
tr|E1K6G0|  2.651395  0.000000  2.320433  2.283744  3.665782  3.416435
  3.232023  2.799093  3.011497  3.515481  3.051882  3.430631  4.380509
  4.848376
tr|E1K572|  2.287857  2.320433  0.000000  2.249367  2.766560  2.722496
  2.924826  3.024876  2.969200  2.805210  4.185744  2.864933  3.789127
  3.814591
tr|E1K541|  2.640539  2.283744  2.249367  0.000000  1.376125  1.200306
  2.731225  2.805757  2.750420  3.371101  2.846640  2.272885  3.061159
  3.242127
tr|F2L4F0|  2.885506  3.665782  2.766560  1.376125  0.000000  0.744371
  2.838476  3.293711  2.645794  3.358349  3.488678  2.924265  3.343976
  3.054689
tr|F4B9Y8|  3.011084  3.416435  2.722496  1.200306  0.744371  0.000000
  2.717743  3.687158  3.132151  3.504794  3.591040  2.890646  3.622136
  3.304276
tr|E7QXB8|  2.263973  3.232023  2.924826  2.731225  2.838476  2.717743
  0.000000  2.187804  1.943514  2.008571  2.594431  2.581569  3.392182
  3.086888
tr|D2S1E6|  2.911209  2.799093  3.024876  2.805757  3.293711  3.687158
  2.187804  0.000000  0.889588  2.826739  2.193415  2.454503  3.763571
  3.804215
tr|D2S1F8|  2.525352  3.011497  2.969200  2.750420  2.645794  3.132151
  1.943514  0.889588  0.000000  2.131031  1.926127  2.452818  3.229120
  3.363606
tr|E7QZB7|  3.148219  3.515481  2.805210  3.371101  3.358349  3.504794
  2.008571  2.826739  2.131031  0.000000  2.218327  2.443748  3.339629
  3.312660
tr|E7QZC9|  2.612880  3.051882  4.185744  2.846640  3.488678  3.591040
  2.594431  2.193415  1.926127  2.218327  0.000000  2.267406  3.287451
  3.657008
tr|E7QQB9|  2.212356  3.430631  2.864933  2.272885  2.924265  2.890646
  2.581569  2.454503  2.452818  2.443748  2.267406  0.000000  3.228781
  2.846818
tr|D2S0D9|  2.347138  4.380509  3.789127  3.061159  3.343976  3.622136
  3.392182  3.763571  3.229120  3.339629  3.287451  3.228781  0.000000
  0.142984
tr|E7QVD7|  2.522045  4.848376  3.814591  3.242127  3.054689  3.304276
  3.086888  3.804215  3.363606  3.312660  3.657008  2.846818  0.142984
  0.000000
   14
tr|E1K4V0|  0.000000  2.244282  1.993220  2.450255  2.875839  2.943738
  2.435705  3.089653  2.758221  2.688352  2.293662  2.350569  2.988788
  2.968705
tr|E1K6G0|  2.244282  0.000000  2.779503  2.303071  2.739815  2.450608
  2.876817  2.753416  2.654503  3.130144  2.466957  2.670432  4.139966
  3.977005
tr|E1K572|  1.993220  2.779503  0.000000  2.236927  3.200979  2.933341
  2.037161  3.074178  2.894256  3.262197  2.612994  2.577107  4.053201
  4.146271
tr|E1K541|  2.450255  2.303071  2.236927  0.000000  1.350917  1.256004
  2.717517  2.612176  2.795211  3.355874  3.478052  2.581328  3.494871
  3.312909
tr|F2L4F0|  2.875839  2.739815  3.200979  1.350917  0.000000  0.661920
  2.684398  3.458141  3.076845  3.342268  3.569039  2.693436  4.282404
  4.010022
tr|F4B9Y8|  2.943738  2.450608  2.933341  1.256004  0.661920  0.000000
  2.613198  3.569974  3.255442  3.517088  3.534826  2.809590  5.914808
  5.296885
tr|E7QXB8|  2.435705  2.876817  2.037161  2.717517  2.684398  2.613198
  0.000000  1.647421  1.811412  2.257865  1.711890  2.173186  3.419154
  3.338340
tr|D2S1E6|  3.089653  2.753416  3.074178  2.612176  3.458141  3.569974
  1.647421  0.000000  0.710731  2.107466  1.941663  2.486828  4.060170
  3.886992
tr|D2S1F8|  2.758221  2.654503  2.894256  2.795211  3.076845  3.255442
  1.811412  0.710731  0.000000  2.266921  1.813174  2.299024  3.341683
  3.146810
tr|E7QZB7|  2.688352  3.130144  3.262197  3.355874  3.342268  3.517088
  2.257865  2.107466  2.266921  0.000000  2.107413  2.506261  4.054463
  3.864229
tr|E7QZC9|  2.293662  2.466957  2.612994  3.478052  3.569039  3.534826
  1.711890  1.941663  1.813174  2.107413  0.000000  2.316045  2.973241
  2.869391
tr|E7QQB9|  2.350569  2.670432  2.577107  2.581328  2.693436  2.809590
  2.173186  2.486828  2.299024  2.506261  2.316045  0.000000  3.093182
  2.761137
tr|D2S0D9|  2.988788  4.139966  4.053201  3.494871  4.282404  5.914808
  3.419154  4.060170  3.341683  4.054463  2.973241  3.093182  0.000000
  0.110982
tr|E7QVD7|  2.968705  3.977005  4.146271  3.312909  4.010022  5.296885
  3.338340  3.886992  3.146810  3.864229  2.869391  2.761137  0.110982
  0.000000
