   10
tr|E1K4V0|  0.000000  1.952695  1.934098  2.035050  2.286183  2.265001
  2.817864  2.757174  1.977547  2.481540
sp|P69907|  1.952695  0.000000  0.028796  0.144383  0.141116  0.149385
  2.274928  2.516688  2.547449  2.965444
sp|P06635|  1.934098  0.028796  0.000000  0.177968  0.166359  0.140952
  2.304577  2.537177  2.596823  2.991851
sp|P01959|  2.035050  0.144383  0.177968  0.000000  0.147619  0.198420
  2.322634  2.582737  2.581311  3.200167
sp|P01965|  2.286183  0.141116  0.166359  0.147619  0.000000  0.197415
  2.213210  2.818365  2.623669  3.143688
sp|P60529|  2.265001  0.149385  0.140952  0.198420  0.197415  0.000000
  2.459681  2.610540  2.840589  3.280575
tr|E7QXB8|  2.817864  2.274928  2.304577  2.322634  2.213210  2.459681
  0.000000  2.853545  1.994084  2.866934
tr|E7QQB9|  2.757174  2.516688  2.537177  2.582737  2.818365  2.610540
  2.853545  0.000000  1.844429  3.242994
tr|D2S1E6|  1.977547  2.547449  2.596823  2.581311  2.623669  2.840589
  1.994084  1.844429  0.000000  3.141356
tr|D2S0D9|  2.481540  2.965444  2.991851  3.200167  3.143688  3.280575
  2.866934  3.242994  3.141356  0.000000
   10
tr|E1K4V0|  0.000000  2.439394  2.320618  2.705683  3.094727  3.129609
  2.736860  2.687593  2.273442  2.564579
sp|P69907|  2.439394  0.000000  0.031905  0.130375  0.138774  0.243142
  2.821682  2.832791  2.884364  2.301043
sp|P06635|  2.320618  0.031905  0.000000  0.145498  0.154217  0.244185
  2.729371  2.854548  2.822567  2.382727
sp|P01959|  2.705683  0.130375  0.145498  0.000000  0.104961  0.253768
  2.668340  3.112125  2.904309  2.319020
sp|P01965|  3.094727  0.138774  0.154217  0.104961  0.000000  0.254074
  2.908080  3.461376  3.325683  2.590067
sp|P60529|  3.129609  0.243142  0.244185  0.253768  0.254074  0.000000
  3.180409  3.065651  3.559510  3.147851
tr|E7QXB8|  2.736860  2.821682  2.729371  2.668340  2.908080  3.180409
  0.000000  2.564498  1.950042  3.352563
tr|E7QQB9|  2.687593  2.832791  2.854548  3.112125  3.461376  3.065651
  2.564498  0.000000  1.585588  2.753648
tr|D2S1E6|  2.273442  2.884364  2.822567  2.904309  3.325683  3.559510
  1.950042  1.585588  0.000000  2.908355
tr|D2S0D9|  2.564579  2.301043  2.382727  2.319020  2.590067  3.147851
  3.352563  2.753648  2.908355  0.000000
   10
tr|E1K4V0|  0.000000  2.960756  2.980280  2.790393  3.275914  3.059770
  3.406483  2.551600  2.489757  2.448125
sp|P69907|  2.960756  0.000000  0.035279  0.202779  0.186581  0.204963
  2.602094  2.514149  3.128062  2.765837
sp|P06635|  2.980280  0.035279  0.000000  0.236977  0.196349  0.180493
  2.653159  2.455797  3.108826  2.871185
sp|P01959|  2.790393  0.202779  0.236977  0.000000  0.181392  0.267181
  2.667473  2.480105  2.998447  3.353411
sp|P01965|  3.275914  0.186581  0.196349  0.181392  0.000000  0.252455
  2.817447  2.810204  2.810295  3.529571
sp|P60529|  3.059770  0.204963  0.180493  0.267181  0.252455  0.000000
  3.302766  2.611777  3.226694  3.432213
tr|E7QXB8|  3.406483  2.602094  2.653159  2.667473  2.817447  3.302766
  0.000000  3.148240  2.266153  2.622307
tr|E7QQB9|  2.551600  2.514149  2.455797  2.480105  2.810204  2.611777
  3.148240  0.000000  2.128716  2.675810
tr|D2S1E6|  2.489757  3.128062  3.108826  2.998447  2.810295  3.226694
  2.266153  2.128716  0.000000  3.004366
tr|D2S0D9|  2.448125  2.765837  2.871185  3.353411  3.529571  3.432213
  2.622307  2.675810  3.004366  0.000000
   10
tr|E1K4V0|  0.000000  2.712102  2.663344  2.727986  2.813137  2.809966
  3.058248  2.732682  2.524991  3.161550
sp|P69907|  2.712102  0.000000  0.024332  0.148185  0.148243  0.165423
  2.588847  3.071190  3.315399  3.136335
sp|P06635|  2.663344  0.024332  0.000000  0.157788  0.149195  0.157023
  2.547867  3.036984  3.241340  3.244202
sp|P01959|  2.727986  0.148185  0.157788  0.000000  0.151438  0.198449
  2.542059  2.987252  3.400604  3.265100
sp|P01965|  2.813137  0.148243  0.149195  0.151438  0.000000  0.176219
  2.671858  3.306687  3.474141  3.430637
sp|P60529|  2.809966  0.165423  0.157023  0.198449  0.176219  0.000000
  2.557240  2.792509  3.428902  3.376031
tr|E7QXB8|  3.058248  2.588847  2.547867  2.542059  2.671858  2.557240
  0.000000  2.669275  2.597386  3.220513
tr|E7QQB9|  2.732682  3.071190  3.036984  2.987252  3.306687  2.792509
  2.669275  0.000000  2.008024  2.735773
tr|D2S1E6|  2.524991  3.315399  3.241340  3.400604  3.474141  3.428902
  2.597386  2.008024  0.000000  2.715097
tr|D2S0D9|  3.161550  3.136335  3.244202  3.265100  3.430637  3.376031
  3.220513  2.735773  2.715097  0.000000
   10
tr|E1K4V0|  0.000000  2.382901  2.341115  2.282888  2.279305  2.412616
  2.830309  2.771523  2.122285  2.827202
sp|P69907|  2.382901  0.000000  0.019827  0.097965  0.132607  0.116732
  3.190907  3.247817  2.787205  2.308612
sp|P06635|  2.341115  0.019827  0.000000  0.105418  0.133286  0.110029
  3.133725  3.218702  2.735257  2.395074
sp|P01959|  2.282888  0.097965  0.105418  0.000000  0.103667  0.146710
  3.141025  3.093121  2.793142  2.330349
sp|P01965|  2.279305  0.132607  0.133286  0.103667  0.000000  0.188226
  3.177196  3.322290  2.756643  2.466787
sp|P60529|  2.412616  0.116732  0.110029  0.146710  0.188226  0.000000
  3.317190  3.066377  2.760329  2.447376
tr|E7QXB8|  2.830309  3.190907  3.133725  3.141025  3.177196  3.317190
  0.000000  3.589752  2.216838  3.151066
tr|E7QQB9|  2.771523  3.247817  3.218702  3.093121  3.322290  3.066377
  3.589752  0.000000  1.995015  3.742171
tr|D2S1E6|  2.122285  2.787205  2.735257  2.793142  2.756643  2.760329
  2.216838  1.995015  0.000000  2.561557
tr|D2S0D9|  2.827202  2.308612  2.395074  2.330349  2.466787  2.447376
  3.151066  3.742171  2.561557  0.000000
   10
tr|E1K4V0|  0.000000  2.668640  2.626185  2.842905  2.916313  3.470089
  2.586488  2.675027  2.412040  2.639915
sp|P69907|  2.668640  0.000000  0.007013  0.185562  0.213218  0.187582
  2.912516  3.225724  2.713961  3.103591
sp|P06635|  2.626185  0.007013  0.000000  0.185934  0.213644  0.187951
  2.867107  3.223864  2.683946  3.151367
sp|P01959|  2.842905  0.185562  0.185934  0.000000  0.157983  0.269216
  2.902359  3.261485  2.915550  3.548890
sp|P01965|  2.916313  0.213218  0.213644  0.157983  0.000000  0.288528
  2.625985  3.905918  3.105007  3.027835
sp|P60529|  3.470089  0.187582  0.187951  0.269216  0.288528  0.000000
  3.322661  3.638345  3.165600  4.199234
tr|E7QXB8|  2.586488  2.912516  2.867107  2.902359  2.625985  3.322661
  0.000000  3.195921  2.355721  2.966567
tr|E7QQB9|  2.675027  3.225724  3.223864  3.261485  3.905918  3.638345
  3.195921  0.000000  2.133341  2.699140
tr|D2S1E6|  2.412040  2.713961  2.683946  2.915550  3.105007  3.165600
  2.355721  2.133341  0.000000  2.657690
tr|D2S0D9|  2.639915  3.103591  3.151367  3.548890  3.027835  4.199234
  2.966567  2.699140  2.657690  0.000000
   10
tr|E1K4V0|  0.000000  2.005008  1.959857  2.128782  2.371105  2.326210
  3.562691  2.849592  2.474734  2.992986
sp|P69907|  2.005008  0.000000  0.013735  0.169788  0.193796  0.183956
  2.409502  3.005635  2.796322  2.605332
sp|P06635|  1.959857  0.013735  0.000000  0.178639  0.202513  0.184194
  2.377031  3.017617  2.783003  2.634140
sp|P01959|  2.128782  0.169788  0.178639  0.000000  0.161278  0.212808
  2.307695  3.272931  3.038338  2.881471
sp|P01965|  2.371105  0.193796  0.202513  0.161278  0.000000  0.246252
  2.219766  3.244119  3.137226  2.692337
sp|P60529|  2.326210  0.183956  0.184194  0.212808  0.246252  0.000000
  2.602622  3.126111  3.170620  3.099484
tr|E7QXB8|  3.562691  2.409502  2.377031  2.307695  2.219766  2.602622
  0.000000  3.280250  2.628988  3.255717
tr|E7QQB9|  2.849592  3.005635  3.017617  3.272931  3.244119  3.126111
  3.280250  0.000000  2.030006  3.119669
tr|D2S1E6|  2.474734  2.796322  2.783003  3.038338  3.137226  3.170620
  2.628988  2.030006  0.000000  3.201742
tr|D2S0D9|  2.992986  2.605332  2.634140  2.881471  2.692337  3.099484
  3.255717  3.119669  3.201742  0.000000
   10
tr|E1K4V0|  0.000000  3.521351  3.466731  3.389380  3.428001  3.688839
  3.393977  3.365755  2.551730  2.885222
sp|P69907|  3.521351  0.000000  0.006870  0.170718  0.143649  0.213922
  2.926257  3.082334  2.314500  3.041605
sp|P06635|  3.466731  0.006870  0.000000  0.171048  0.143919  0.214351
  2.890349  3.080463  2.292146  3.081083
sp|P01959|  3.389380  0.170718  0.171048  0.000000  0.126865  0.193243
  3.172642  3.076029  2.202434  3.766023
sp|P01965|  3.428001  0.143649  0.143919  0.126865  0.000000  0.203977
  2.877766  3.419529  2.298854  3.196399
sp|P60529|  3.688839  0.213922  0.214351  0.193243  0.203977  0.000000
  3.530690  3.365389  2.490346  3.750141
tr|E7QXB8|  3.393977  2.926257  2.890349  3.172642  2.877766  3.530690
  0.000000  2.715145  2.368616  3.519953
tr|E7QQB9|  3.365755  3.082334  3.080463  3.076029  3.419529  3.365389
  2.715145  0.000000  1.772268  2.995255
tr|D2S1E6|  2.551730  2.314500  2.292146  2.202434  2.298854  2.490346
  2.368616  1.772268  0.000000  3.517497
tr|D2S0D9|  2.885222  3.041605  3.081083  3.766023  3.196399  3.750141
  3.519953  2.995255  3.517497  0.000000
   10
tr|E1K4V0|  0.000000  3.597820  3.564212  3.436989  3.105758  3.757010
  2.998914  2.867300  2.513738  2.408854
sp|P69907|  3.597820  0.000000  0.008011  0.162314  0.177797  0.164676
  2.261176  2.299878  3.138262  3.325744
sp|P06635|  3.564212  0.008011  0.000000  0.171848  0.187309  0.164559
  2.261176  2.316866  3.159451  3.325744
sp|P01959|  3.436989  0.162314  0.171848  0.000000  0.128231  0.250168
  2.140108  2.231792  3.059137  3.480278
sp|P01965|  3.105758  0.177797  0.187309  0.128231  0.000000  0.208605
  2.113285  2.370206  3.141704  3.403819
sp|P60529|  3.757010  0.164676  0.164559  0.250168  0.208605  0.000000
  2.255037  2.507343  3.020782  3.592022
tr|E7QXB8|  2.998914  2.261176  2.261176  2.140108  2.113285  2.255037
  0.000000  2.598985  2.223136  2.935673
tr|E7QQB9|  2.867300  2.299878  2.316866  2.231792  2.370206  2.507343
  2.598985  0.000000  1.676125  3.028999
tr|D2S1E6|  2.513738  3.138262  3.159451  3.059137  3.141704  3.020782
  2.223136  1.676125  0.000000  2.483412
tr|D2S0D9|  2.408854  3.325744  3.325744  3.480278  3.403819  3.592022
  2.935673  3.028999  2.483412  0.000000
   10
tr|E1K4V0|  0.000000  2.844896  2.811840  2.860924  2.978935  2.894019
  3.085289  2.255223  2.242026  2.671927
sp|P69907|  2.844896  0.000000  0.019458  0.139150  0.156457  0.155304
  2.038998  3.240980  2.726449  2.798740
sp|P06635|  2.811840  0.019458  0.000000  0.154513  0.164563  0.148135
  2.040603  3.231427  2.714905  2.854724
sp|P01959|  2.860924  0.139150  0.154513  0.000000  0.139855  0.162707
  1.989419  3.325820  2.630453  3.207088
sp|P01965|  2.978935  0.156457  0.164563  0.139855  0.000000  0.143869
  2.025213  3.542047  2.664162  2.908203
sp|P60529|  2.894019  0.155304  0.148135  0.162707  0.143869  0.000000
  2.073688  3.244407  2.713931  3.035448
tr|E7QXB8|  3.085289  2.038998  2.040603  1.989419  2.025213  2.073688
  0.000000  2.732608  2.483223  3.287297
tr|E7QQB9|  2.255223  3.240980  3.231427  3.325820  3.542047  3.244407
  2.732608  0.000000  1.847343  3.281032
tr|D2S1E6|  2.242026  2.726449  2.714905  2.630453  2.664162  2.713931
  2.483223  1.847343  0.000000  3.372103
tr|D2S0D9|  2.671927  2.798740  2.854724  3.207088  2.908203  3.035448
  3.287297  3.281032  3.372103  0.000000
